0 0 99999999 1 0 0 0 0 0
1 0 99999999 1 0 0 0 0 0
2 0 99999999 1 0 0 0 0 0
3 0 99999999 1 0 0 0 0 0
4 0 99999999 0 1 0 0 0 0
5 0 99999998 1 1 0 0 0 0
6 0 99999997 2 1 0 0 0 0
7 0 99999996 3 1 0 0 0 0
8 0 99999995 4 1 0 0 0 0
9 0 99999994 4 2 0 0 0 0
10 0 99999993 4 3 0 0 0 0
11 0 99999992 4 4 0 0 0 0
12 0 99999990 5 4 1 0 0 0
13 0 99999988 6 5 1 0 0 0
14 0 99999985 8 6 1 0 0 0
15 0 99999985 7 7 1 0 0 0
16 0 99999983 7 9 1 0 0 0
17 0 99999979 9 10 2 0 0 0
18 0 99999977 8 12 3 0 0 0
19 0 99999976 9 11 4 0 0 0
20 0 99999972 11 12 5 0 0 0
21 0 99999971 8 15 6 0 0 0
22 0 99999968 9 16 7 0 0 0
23 1 99999965 11 16 7 0 0 0
24 1 99999963 9 18 9 0 0 0
25 1 99999961 10 17 11 0 0 0
26 1 99999959 9 17 14 0 0 0
27 1 99999953 12 20 14 0 0 0
28 1 99999950 13 20 15 1 0 0
29 1 99999947 14 18 18 2 0 0
30 2 99999944 15 18 19 2 0 0
31 3 99999940 13 23 19 2 0 0
32 3 99999936 14 22 22 3 0 0
33 4 99999930 17 24 22 3 0 0
34 4 99999924 20 24 24 4 0 0
35 4 99999918 22 25 25 6 0 0
36 6 99999915 21 27 25 6 0 0
37 8 99999915 15 31 24 7 0 0
38 8 99999909 15 35 26 7 0 0
39 10 99999905 13 35 30 7 0 0
40 14 99999896 19 35 29 7 0 0
41 16 99999888 27 32 30 7 0 0
42 17 99999885 24 35 32 7 0 0
43 21 99999876 29 35 32 7 0 0
44 21 99999870 26 40 35 8 0 0
45 22 99999864 24 42 38 10 0 0
46 26 99999856 29 39 41 9 0 0
47 27 99999850 26 42 45 10 0 0
48 29 99999842 28 45 46 9 1 0
49 30 99999833 31 51 44 10 1 0
50 34 99999830 26 53 44 12 1 0
51 37 99999824 26 55 45 12 1 0
52 39 99999816 26 54 51 13 1 0
53 39 99999810 23 55 56 16 1 0
54 43 99999799 31 55 55 16 1 0
55 46 99999791 33 52 60 17 1 0
56 51 99999789 27 54 60 18 1 0
57 56 99999780 30 54 60 19 1 0
58 62 99999773 26 57 62 19 1 0
59 63 99999761 30 59 65 21 1 0
60 64 99999749 40 53 73 20 1 0
61 68 99999745 35 53 76 21 2 0
62 70 99999735 38 57 75 23 2 0
63 77 99999729 32 63 72 25 2 0
64 85 99999724 25 67 72 24 3 0
65 88 99999712 33 65 75 24 3 0
66 96 99999702 33 64 77 25 3 0
67 102 99999692 37 62 79 24 4 0
68 107 99999681 43 65 75 24 5 0
69 110 99999670 42 68 76 29 5 0
70 114 99999657 45 71 77 30 6 0
71 119 99999649 43 69 81 33 6 0
72 125 99999641 40 68 84 35 7 0
73 128 99999631 39 75 85 34 8 0
74 132 99999622 35 78 89 35 9 0
75 138 99999610 39 80 87 36 9 1
76 143 99999598 43 83 86 38 8 1
77 150 99999586 45 81 87 41 9 1
78 156 99999570 52 80 89 43 9 1
79 159 99999554 56 82 97 42 9 1
80 164 99999542 56 83 99 45 10 1
81 170 99999532 54 84 103 46 10 1
82 181 99999522 48 87 104 47 10 1
83 187 99999511 43 95 100 51 12 1
84 192 99999495 47 99 104 51 11 1
85 198 99999483 49 99 104 54 12 1
86 206 99999466 56 100 107 53 11 1
87 215 99999452 59 99 114 50 10 1
88 226 99999437 58 103 114 51 10 1
89 233 99999427 56 103 116 54 10 1
90 238 99999414 52 104 122 58 11 1
91 249 99999408 44 102 127 55 13 2
92 259 99999390 47 105 128 54 14 3
93 268 99999372 55 105 125 56 16 3
94 277 99999352 62 108 127 52 19 3
95 284 99999340 68 103 130 54 18 3
96 294 99999327 63 105 136 51 21 3
97 299 99999321 51 111 139 54 21 4
98 305 99999302 50 114 144 60 21 4
99 319 99999281 59 112 146 56 23 4
100 327 99999265 62 110 149 56 27 4
101 342 99999241 80 106 143 56 28 4
102 354 99999227 75 112 140 58 30 4
103 363 99999213 68 127 134 60 31 4
104 370 99999202 63 125 142 60 33 5
105 385 99999186 55 131 150 55 32 6
106 397 99999166 61 125 159 55 31 6
107 408 99999150 63 127 155 59 31 7
108 424 99999128 74 125 156 59 27 7
109 435 99999118 68 135 145 63 29 7
110 447 99999108 58 136 150 67 26 8
111 466 99999095 55 131 156 63 26 8
112 477 99999076 52 137 162 61 27 8
113 493 99999056 62 123 173 58 26 9
114 506 99999040 68 119 181 53 23 10
115 522 99999021 74 118 177 54 24 10
116 533 99999011 65 126 170 63 21 11
117 546 99998990 66 130 166 69 20 13
118 561 99998979 61 126 174 67 18 14
119 574 99998960 61 129 177 67 18 14
120 585 99998946 65 117 193 60 20 14
121 601 99998922 68 128 184 63 20 14
122 614 99998906 73 129 173 70 21 14
123 622 99998888 72 135 170 78 21 14
124 640 99998864 82 130 165 85 20 14
125 645 99998843 79 134 171 95 18 15
126 657 99998823 83 134 173 96 18 16
127 670 99998812 76 133 181 93 18 17
128 685 99998789 75 147 175 90 22 17
129 701 99998773 70 147 176 93 23 17
130 711 99998758 65 156 171 97 25 17
131 724 99998729 83 148 168 105 26 17
132 734 99998707 82 157 172 101 30 17
133 746 99998686 87 149 186 96 33 17
134 763 99998659 99 148 189 91 34 17
135 779 99998641 88 159 188 93 34 18
136 797 99998616 91 157 192 92 37 18
137 813 99998598 88 157 197 91 38 18
138 829 99998574 85 164 198 94 38 18
139 838 99998550 91 171 199 90 43 18
140 855 99998528 88 173 201 89 48 18
141 870 99998504 94 175 206 85 48 18
142 887 99998480 94 184 202 82 51 20
143 902 99998458 92 179 217 84 48 20
144 918 99998430 98 179 215 92 48 20
145 932 99998404 100 182 220 95 46 21
146 957 99998385 95 179 229 87 45 23
147 983 99998364 94 183 223 87 42 24
148 997 99998342 88 186 227 96 39 25
149 1011 99998320 84 194 225 100 41 25
150 1018 99998291 94 189 238 104 39 27
151 1033 99998256 108 186 239 111 38 29
152 1046 99998227 115 186 245 112 40 29
153 1058 99998209 111 184 254 114 38 32
154 1090 99998189 102 189 249 115 33 33
155 1110 99998151 105 202 249 113 37 33
156 1133 99998124 103 203 256 117 29 35
157 1149 99998088 121 195 255 128 29 35
158 1165 99998062 127 196 256 128 30 36
159 1184 99998046 105 213 252 127 37 36
160 1207 99998025 99 218 256 119 38 38
161 1223 99997997 91 232 254 125 40 38
162 1248 99997965 97 229 259 122 42 38
163 1267 99997941 105 210 272 127 39 39
164 1288 99997911 114 202 277 130 38 40
165 1304 99997888 109 212 271 137 39 40
166 1328 99997859 106 224 269 134 40 40
167 1355 99997835 106 210 279 134 40 41
168 1376 99997807 104 213 280 133 46 41
169 1393 99997777 111 200 297 137 44 41
170 1414 99997753 106 203 302 132 49 41
171 1430 99997719 116 211 296 135 52 41
172 1459 99997689 118 218 295 125 54 42
173 1491 99997660 117 220 294 125 50 43
174 1523 99997628 125 212 291 130 48 43
175 1553 99997601 118 222 286 129 48 43
176 1577 99997574 115 222 298 122 49 43
177 1596 99997547 113 228 301 122 50 43
178 1629 99997519 109 231 292 125 52 43
179 1658 99997489 112 234 289 118 55 45
180 1689 99997467 107 233 281 125 53 45
181 1708 99997429 118 230 285 130 54 46
182 1727 99997401 118 234 293 130 50 47
183 1742 99997370 119 230 306 139 47 47
184 1769 99997341 126 222 308 140 47 47
185 1800 99997314 115 231 305 140 48 47
186 1828 99997280 121 227 313 138 46 47
187 1852 99997248 122 231 310 143 47 47
188 1874 99997220 121 233 314 145 45 48
189 1903 99997188 126 233 312 142 47 49
190 1926 99997155 125 239 316 146 44 49
191 1960 99997120 128 241 318 139 45 49
192 1988 99997081 139 247 310 140 45 50
193 2006 99997049 139 241 324 145 42 54
194 2033 99997020 135 246 318 151 43 54
195 2060 99996995 125 250 319 152 44 55
196 2086 99996955 126 260 319 151 47 56
197 2107 99996915 134 265 314 162 46 57
198 2130 99996892 128 260 321 164 47 58
199 2158 99996864 131 253 326 162 47 59
200 2183 99996833 122 265 327 162 48 60
201 2211 99996799 116 273 331 161 48 61
202 2237 99996764 128 263 334 163 50 61
203 2264 99996726 138 256 347 158 48 63
204 2290 99996694 140 248 348 166 51 63
205 2322 99996669 131 250 352 157 56 63
206 2346 99996639 126 256 350 161 59 63
207 2371 99996603 124 269 346 164 60 63
208 2399 99996569 125 262 359 156 67 63
209 2432 99996529 140 247 365 161 63 63
210 2459 99996493 146 254 356 168 60 64
211 2479 99996470 134 262 356 169 66 64
212 2508 99996444 127 265 355 172 65 64
213 2538 99996401 130 271 356 173 66 65
214 2571 99996372 124 272 356 175 65 65
215 2619 99996329 143 258 355 168 63 65
216 2641 99996302 143 252 356 177 64 65
217 2671 99996267 137 270 352 171 66 66
218 2697 99996235 141 270 357 166 66 68
219 2729 99996208 125 277 353 177 59 72
220 2768 99996173 135 270 347 174 59 74
221 2791 99996146 129 267 364 169 59 75
222 2826 99996110 133 265 372 165 53 76
223 2853 99996069 148 268 365 163 58 76
224 2873 99996041 143 278 358 168 63 76
225 2908 99996001 152 266 366 168 62 77
226 2939 99995969 147 274 358 176 59 78
227 2964 99995939 139 273 368 179 57 81
228 2986 99995902 145 278 370 178 59 82
229 3004 99995863 146 281 377 182 64 83
230 3038 99995820 157 280 375 176 70 84
231 3065 99995797 150 287 368 179 69 85
232 3099 99995760 152 288 365 185 66 85
233 3121 99995722 151 298 360 191 71 86
234 3152 99995686 143 304 374 186 69 86
235 3183 99995647 159 289 389 176 71 86
236 3216 99995612 157 297 378 183 71 86
237 3243 99995583 151 297 388 182 70 86
238 3281 99995537 166 300 378 185 67 86
239 3300 99995510 156 309 385 187 65 88
240 3334 99995471 158 309 386 186 67 89
241 3371 99995423 173 302 393 182 67 89
242 3398 99995394 155 309 410 176 69 89
243 3430 99995351 167 315 400 180 68 89
244 3459 99995321 164 315 409 179 62 91
245 3485 99995286 158 324 411 183 61 92
246 3512 99995247 167 321 405 195 61 92
247 3542 99995216 161 323 416 191 57 94
248 3576 99995173 173 322 414 191 56 95
249 3615 99995132 176 331 415 183 53 95
250 3643 99995086 183 322 432 185 53 96
251 3669 99995056 178 328 427 189 57 96
252 3700 99995025 165 337 426 195 56 96
253 3732 99994985 165 334 431 198 59 96
254 3761 99994946 158 350 437 190 61 97
255 3794 99994914 160 339 442 192 62 97
256 3823 99994875 169 338 439 199 59 98
257 3858 99994838 165 341 446 196 58 98
258 3886 99994797 171 341 445 202 59 99
259 3915 99994770 168 338 446 198 65 100
260 3940 99994736 160 334 461 197 71 101
261 3973 99994700 159 330 456 207 74 101
262 3999 99994659 158 329 472 204 78 101
263 4026 99994616 179 328 466 201 82 102
264 4058 99994578 186 329 453 210 84 102
265 4090 99994542 186 324 466 208 78 106
266 4124 99994513 174 329 463 212 79 106
267 4150 99994478 163 347 462 213 80 107
268 4185 99994435 171 346 464 214 78 107
269 4211 99994402 174 345 464 213 83 108
270 4237 99994366 182 332 473 215 87 108
271 4270 99994336 174 342 457 224 87 110
272 4309 99994302 167 357 448 218 88 111
273 4348 99994267 168 360 440 222 82 113
274 4376 99994236 165 356 453 223 76 115
275 4404 99994188 187 337 471 216 81 116
276 4432 99994143 194 338 469 229 76 119
277 4466 99994097 205 342 468 224 79 119
278 4501 99994055 212 347 467 218 79 121
279 4533 99994021 195 361 465 221 82 122
280 4557 99993987 191 361 475 219 87 123
281 4594 99993953 177 373 471 223 86 123
282 4624 99993917 181 377 481 211 86 123
283 4646 99993889 181 382 479 212 86 125
284 4677 99993842 189 385 483 210 88 126
285 4713 99993801 195 382 481 214 87 127
286 4745 99993780 180 393 467 219 89 127
287 4775 99993734 198 376 480 219 91 127
288 4792 99993704 183 380 491 226 96 128
289 4809 99993666 189 372 512 233 89 130
290 4836 99993639 191 361 516 231 96 130
291 4869 99993607 177 379 504 238 91 135
292 4893 99993569 193 372 508 241 89 135
293 4921 99993530 189 384 507 247 85 137
294 4947 99993500 197 371 523 241 82 139
295 4974 99993469 197 375 518 244 83 140
296 4991 99993433 192 376 529 251 87 141
297 5019 99993395 191 378 537 251 88 141
298 5059 99993353 200 388 516 254 87 143
299 5096 99993326 198 374 522 248 93 143
300 5132 99993289 196 385 507 253 93 145
301 5165 99993245 202 380 514 252 94 148
302 5196 99993219 189 397 512 245 93 149
303 5228 99993176 203 395 508 242 98 150
304 5260 99993134 203 388 523 243 96 153
305 5273 99993098 202 393 522 264 94 154
306 5306 99993044 219 389 528 263 96 155
307 5345 99993011 208 401 516 261 103 155
308 5385 99992980 202 399 520 254 104 156
309 5404 99992947 196 404 533 248 110 158
310 5434 99992908 192 408 530 260 109 159
311 5474 99992863 202 411 531 255 104 160
312 5509 99992815 219 405 527 260 101 164
313 5546 99992770 226 398 544 254 98 164
314 5577 99992736 217 411 542 251 100 166
315 5602 99992701 214 410 541 264 100 168
316 5635 99992670 200 421 541 259 105 169
317 5669 99992640 193 422 549 253 103 171
318 5704 99992609 194 409 564 244 105 171
319 5729 99992567 200 416 557 252 108 171
320 5761 99992513 216 419 552 257 110 172
321 5798 99992479 219 419 545 254 112 174
322 5815 99992446 220 411 558 260 114 176
323 5854 99992425 200 414 563 255 104 185
324 5871 99992375 202 416 569 280 102 185
325 5889 99992329 213 412 582 284 106 185
326 5927 99992290 218 414 572 280 111 188
327 5952 99992263 232 400 574 273 117 189
328 5972 99992240 216 418 567 284 110 193
329 6007 99992202 206 432 556 294 109 194
330 6038 99992164 205 438 558 293 108 196
331 6082 99992111 213 432 572 284 109 197
332 6110 99992064 226 418 587 286 109 200
333 6150 99992015 236 419 583 286 111 200
334 6190 99991978 233 423 576 291 107 202
335 6220 99991951 232 445 553 284 109 206
336 6259 99991928 213 442 563 282 105 208
337 6284 99991884 218 442 579 276 108 209
338 6305 99991826 243 438 580 289 110 209
339 6336 99991786 240 445 585 284 114 210
340 6363 99991739 263 439 586 279 115 216
341 6390 99991720 238 454 591 276 111 220
342 6417 99991680 220 476 585 287 115 220
343 6444 99991651 218 472 582 295 117 221
344 6474 99991627 195 476 593 292 119 224
345 6503 99991586 215 456 607 289 120 224
346 6536 99991526 235 463 618 279 118 225
347 6570 99991499 232 458 612 288 116 225
348 6592 99991477 238 458 593 297 119 226
349 6634 99991449 225 453 607 288 117 227
350 6664 99991401 214 455 629 293 116 228
351 6691 99991349 236 450 636 295 115 228
352 6727 99991314 238 433 650 295 114 229
353 6755 99991285 247 440 640 295 107 231
354 6783 99991267 232 449 636 291 108 234
355 6804 99991236 222 468 628 302 103 237
356 6820 99991218 219 476 609 315 105 238
357 6844 99991177 226 472 622 318 102 239
358 6891 99991128 244 446 639 311 101 240
359 6902 99991112 230 458 647 303 106 242
360 6926 99991067 256 457 629 316 107 242
361 6959 99991044 245 473 604 327 105 243
362 6989 99991006 234 476 613 330 108 244
363 7021 99990963 247 452 620 346 107 244
364 7049 99990926 225 475 629 337 114 245
365 7074 99990882 242 471 631 337 118 245
366 7100 99990859 239 478 627 331 119 247
367 7127 99990822 242 477 647 310 127 248
368 7164 99990784 252 481 633 315 121 250
369 7194 99990736 251 487 622 334 126 250
370 7212 99990702 260 473 639 335 128 251
371 7240 99990669 251 489 639 323 137 252
372 7268 99990641 251 477 664 308 138 253
373 7303 99990599 251 493 653 310 136 255
374 7338 99990561 244 499 637 320 145 256
375 7354 99990525 251 493 648 327 145 257
376 7391 99990499 242 503 642 318 147 258
377 7414 99990462 235 502 663 316 145 263
378 7445 99990412 250 504 654 332 138 265
379 7471 99990375 247 502 671 326 141 267
380 7509 99990334 263 493 668 318 144 271
381 7548 99990286 273 486 670 327 139 271
382 7570 99990259 257 494 684 326 137 273
383 7601 99990225 257 498 666 344 135 274
384 7632 99990183 257 505 674 342 131 276
385 7678 99990138 256 508 687 324 130 279
386 7700 99990097 274 507 681 330 129 282
387 7725 99990059 276 504 692 333 128 283
388 7768 99990025 266 520 674 339 122 286
389 7798 99989994 253 529 683 329 128 286
390 7822 99989949 258 531 689 339 123 289
391 7859 99989916 256 533 687 336 124 289
392 7911 99989875 259 523 686 331 125 290
393 7938 99989856 249 509 696 336 125 291
394 7974 99989831 226 532 695 327 122 293
395 7998 99989795 236 532 693 330 120 296
396 8010 99989777 240 525 692 335 123 298
397 8036 99989715 275 502 708 337 128 299
398 8062 99989694 273 484 718 341 128 300
399 8098 99989666 259 492 727 336 122 300
400 8121 99989623 268 499 723 342 122 302
401 8151 99989589 259 524 711 340 121 305
402 8191 99989547 275 499 729 331 120 308
403 8211 99989510 293 495 720 342 119 310
404 8242 99989490 266 508 709 349 126 310
405 8275 99989443 262 534 703 344 127 312
406 8289 99989406 265 548 698 347 134 313
407 8320 99989369 260 552 699 353 133 314
408 8347 99989340 270 534 693 359 141 316
409 8391 99989292 270 521 704 364 140 318
410 8424 99989242 268 540 695 372 137 322
411 8446 99989206 270 553 692 375 132 326
412 8475 99989170 279 536 708 374 132 326
413 8492 99989131 284 532 705 396 132 328
414 8537 99989084 285 533 714 383 134 330
415 8570 99989044 285 530 726 378 136 331
416 8580 99989013 284 549 725 382 134 333
417 8601 99988978 279 554 741 377 137 333
418 8643 99988951 267 553 743 370 138 335
419 8664 99988921 269 555 746 362 145 338
420 8721 99988886 263 563 720 365 143 339
421 8751 99988850 263 563 738 353 142 340
422 8773 99988816 276 552 752 351 136 344
423 8803 99988786 264 554 748 359 140 346
424 8844 99988746 278 547 740 348 150 347
425 8869 99988710 279 542 747 356 149 348
426 8905 99988667 284 543 744 355 154 348
427 8931 99988626 294 533 767 342 159 348
428 8952 99988586 298 541 762 353 158 350
429 8973 99988561 291 542 761 360 157 355
430 8990 99988535 284 560 751 362 162 356
431 9021 99988495 284 558 766 355 163 358
432 9058 99988452 279 576 755 365 155 360
433 9087 99988413 289 570 756 370 154 361
434 9124 99988384 286 568 757 365 152 364
435 9163 99988359 272 578 751 359 154 364
436 9188 99988325 270 577 749 367 155 369
437 9225 99988281 274 580 750 366 154 370
438 9240 99988238 290 570 756 387 145 374
439 9265 99988204 302 556 761 383 155 374
440 9311 99988178 292 549 768 373 153 376
441 9347 99988127 292 563 774 367 150 380
442 9377 99988109 265 576 771 372 148 382
443 9410 99988066 271 574 782 369 146 382
444 9436 99988021 293 562 784 376 143 385
445 9463 99987987 286 566 787 382 141 388
446 9480 99987952 302 555 793 383 145 390
447 9520 99987920 299 573 776 380 140 392
448 9552 99987872 298 585 775 384 141 393
449 9580 99987859 283 578 777 387 140 396
450 9614 99987823 284 567 789 386 140 397
451 9658 99987775 293 570 780 387 139 398
452 9674 99987740 284 591 776 394 143 398
453 9685 99987706 311 569 785 400 143 401
454 9694 99987688 305 586 770 406 147 404
455 9728 99987657 292 592 772 403 150 406
456 9755 99987616 297 582 780 407 155 408
457 9790 99987563 301 594 785 404 154 409
458 9805 99987510 331 589 800 395 160 410
459 9844 99987471 342 585 801 387 158 412
460 9876 99987440 333 581 804 394 159 413
461 9919 99987406 317 612 778 396 158 414
462 9938 99987375 296 636 782 395 160 418
463 9960 99987334 303 634 802 389 158 420
464 9993 99987276 326 630 796 391 166 422
465 10012 99987239 331 618 824 383 171 422
466 10040 99987212 325 627 816 382 173 425
467 10072 99987184 314 645 801 385 171 428
468 10093 99987155 293 659 807 396 166 431
469 10134 99987098 301 648 823 400 163 433
470 10176 99987051 311 621 848 400 157 436
471 10217 99987028 297 617 845 393 167 436
472 10236 99986981 318 619 857 390 160 439
473 10249 99986954 303 632 856 403 162 441
474 10276 99986924 292 636 851 415 162 444
475 10310 99986868 329 611 864 410 162 446
476 10340 99986841 304 611 872 424 160 448
477 10374 99986786 322 604 882 427 156 449
478 10414 99986751 327 603 884 412 151 458
479 10428 99986742 291 626 881 422 150 460
480 10449 99986714 304 622 864 432 150 465
481 10479 99986688 291 625 852 454 145 466
482 10509 99986659 290 619 853 453 148 469
483 10531 99986618 316 620 845 452 146 472
484 10549 99986573 326 608 865 449 156 474
485 10593 99986528 336 613 859 440 152 479
486 10643 99986486 336 617 842 441 154 481
487 10686 99986451 321 607 848 447 156 484
488 10708 99986435 298 630 838 447 156 488
489 10718 99986409 292 627 856 455 152 491
490 10769 99986354 308 626 855 444 153 491
491 10797 99986325 310 637 846 435 159 491
492 10835 99986274 344 624 841 427 159 496
493 10868 99986247 340 628 836 421 160 500
494 10892 99986219 326 644 848 417 153 501
495 10937 99986188 325 631 844 415 157 503
496 10967 99986153 301 642 864 418 152 503
497 10991 99986100 328 632 880 410 154 505
498 11028 99986085 320 634 855 418 149 511
499 11054 99986038 344 635 861 408 147 513
500 11093 99986012 334 645 840 418 143 515
501 11125 99985968 317 668 845 414 142 521
502 11139 99985930 342 646 872 409 141 521
503 11185 99985865 341 669 867 402 148 523
504 11199 99985834 361 635 893 407 146 525
505 11234 99985788 354 645 895 418 140 526
506 11272 99985732 352 662 882 429 142 529
507 11297 99985711 328 685 866 438 143 532
508 11319 99985677 325 695 858 445 149 532
509 11361 99985626 344 671 887 415 160 536
510 11380 99985580 349 694 881 420 160 536
511 11418 99985554 347 669 912 401 161 538
512 11438 99985519 349 686 900 408 161 539
513 11467 99985486 328 698 896 423 160 542
514 11476 99985442 330 701 913 433 163 542
515 11512 99985417 336 675 909 441 165 545
516 11516 99985391 338 674 921 442 169 549
517 11536 99985378 334 672 924 428 177 551
518 11563 99985357 306 679 940 425 176 554
519 11585 99985302 321 683 936 430 187 556
520 11624 99985255 327 687 918 446 184 559
521 11636 99985209 347 662 948 454 181 563
522 11669 99985171 366 636 945 468 181 564
523 11709 99985138 350 657 949 462 167 568
524 11737 99985095 351 665 950 458 174 570
525 11779 99985058 345 681 934 455 175 573
526 11819 99985026 339 672 934 453 183 574
527 11858 99984987 351 671 924 447 185 577
528 11869 99984949 352 678 934 447 191 580
529 11902 99984893 371 692 916 451 194 581
530 11911 99984862 383 705 912 449 194 584
531 11956 99984833 371 701 920 446 184 589
532 11989 99984792 364 703 917 452 192 591
533 12021 99984765 338 716 914 459 188 599
534 12035 99984729 337 722 931 458 187 601
535 12062 99984704 346 722 921 454 189 602
536 12085 99984663 351 716 940 450 189 606
537 12132 99984622 359 709 929 453 188 608
538 12164 99984596 340 720 934 453 185 608
539 12175 99984564 353 717 934 462 185 610
540 12211 99984508 359 715 958 461 175 613
541 12233 99984473 360 697 994 453 173 617
542 12253 99984461 362 677 996 462 168 621
543 12306 99984420 354 699 978 456 165 622
544 12347 99984389 336 710 975 450 167 626
545 12383 99984346 334 719 966 457 166 629
546 12412 99984299 357 702 983 461 157 629
547 12441 99984268 355 707 973 467 158 631
548 12471 99984232 364 695 981 460 163 634
549 12493 99984197 374 694 986 459 161 636
550 12524 99984138 386 719 972 461 160 640
551 12565 99984094 389 709 974 465 163 641
552 12603 99984058 385 700 969 482 161 642
553 12628 99984025 384 708 963 483 164 645
554 12630 99983996 365 743 963 486 167 650
555 12658 99983948 375 744 964 490 171 650
556 12693 99983904 375 749 967 488 171 653
557 12711 99983883 365 758 960 490 176 657
558 12754 99983844 361 751 974 484 172 660
559 12786 99983793 363 764 968 491 174 661
560 12815 99983740 378 760 972 496 175 664
561 12826 99983712 387 749 994 487 180 665
562 12856 99983700 375 726 1007 487 181 668
563 12907 99983664 358 738 998 482 183 670
564 12950 99983629 348 753 997 467 186 670
565 12965 99983577 364 752 1016 462 190 674
566 12968 99983545 393 736 1018 464 199 677
567 12983 99983515 391 721 1037 478 195 680
568 13005 99983482 381 726 1038 484 195 689
569 13016 99983467 354 751 1024 503 194 691
570 13037 99983429 345 768 1024 501 203 693
571 13068 99983390 357 749 1036 506 196 698
572 13095 99983345 384 729 1042 514 192 699
573 13125 99983323 396 718 1025 520 192 701
574 13153 99983293 387 738 1010 519 197 703
575 13153 99983273 377 748 1009 532 200 708
576 13189 99983233 366 765 1006 536 190 715
577 13225 99983198 366 750 1024 524 197 716
578 13268 99983144 381 732 1028 527 199 721
579 13307 99983124 373 734 1025 517 198 722
580 13337 99983074 389 750 1022 500 198 730
581 13363 99983029 394 762 1017 500 204 731
582 13398 99982986 406 768 1010 498 200 734
583 13432 99982962 419 750 1004 491 204 738
584 13479 99982924 400 755 1019 481 200 742
585 13502 99982889 394 760 1038 473 200 744
586 13533 99982862 364 787 1039 465 204 746
587 13573 99982799 385 792 1033 467 203 748
588 13597 99982761 391 789 1021 491 199 751
589 13656 99982704 410 788 1011 488 191 752
590 13660 99982675 422 770 1029 490 201 753
591 13689 99982638 400 804 1025 492 196 756
592 13719 99982612 382 791 1056 490 192 758
593 13752 99982586 355 804 1060 494 188 761
594 13787 99982543 356 786 1078 502 184 764
595 13819 99982512 366 785 1060 512 179 767
596 13833 99982489 370 773 1060 527 178 770
597 13875 99982422 396 765 1067 528 173 774
598 13896 99982365 413 778 1065 529 174 780
599 13931 99982358 394 766 1079 514 178 780
600 13956 99982319 410 752 1085 513 184 781
601 13966 99982316 383 751 1096 523 183 782
602 13978 99982266 384 769 1114 519 186 784
603 14014 99982231 398 760 1090 535 187 785
604 14046 99982198 389 780 1073 542 182 790
605 14087 99982172 405 779 1045 540 179 793
606 14127 99982136 387 797 1051 528 179 795
607 14151 99982099 399 792 1056 516 190 797
608 14190 99982041 419 799 1049 521 184 797
609 14222 99982000 418 788 1077 509 189 797
610 14257 99981962 420 771 1079 518 195 798
611 14288 99981909 427 797 1059 522 200 798
612 14329 99981877 407 808 1049 532 198 800
613 14348 99981841 410 823 1038 544 192 804
614 14388 99981805 412 807 1063 527 191 807
615 14400 99981784 394 826 1075 513 200 808
616 14410 99981756 399 826 1083 516 201 809
617 14430 99981711 403 828 1087 519 208 814
618 14452 99981669 416 832 1084 526 206 815
619 14478 99981622 422 821 1104 527 208 818
620 14506 99981585 420 806 1106 548 210 819
621 14557 99981550 429 813 1092 534 202 823
622 14579 99981517 412 828 1110 514 215 825
623 14613 99981473 422 816 1121 510 219 826
624 14637 99981437 426 819 1130 502 222 827
625 14673 99981393 418 832 1118 516 217 833
626 14697 99981346 433 828 1124 523 214 835
627 14737 99981298 423 844 1126 520 213 839
628 14760 99981276 424 846 1124 524 206 840
629 14796 99981236 422 847 1134 520 201 844
630 14825 99981195 423 845 1141 522 205 844
631 14867 99981157 430 845 1129 519 205 848
632 14880 99981133 429 850 1126 526 207 849
633 14912 99981074 436 840 1143 543 201 851
634 14956 99981012 446 856 1126 540 211 853
635 14993 99980972 435 853 1144 542 206 855
636 15043 99980942 435 853 1142 531 196 858
637 15078 99980903 425 858 1149 538 185 864
638 15099 99980869 406 869 1165 541 184 867
639 15121 99980810 426 865 1168 550 190 870
640 15139 99980766 448 864 1163 556 192 872
641 15156 99980733 448 861 1155 571 204 872
642 15172 99980727 431 852 1166 566 211 875
643 15188 99980681 423 861 1178 576 214 879
644 15223 99980640 408 883 1163 582 216 885
645 15261 99980569 443 873 1179 578 207 890
646 15291 99980532 452 837 1190 596 210 892
647 15308 99980500 445 849 1187 600 215 896
648 15336 99980471 445 856 1180 600 211 901
649 15373 99980434 407 891 1171 606 216 902
650 15406 99980383 431 883 1173 599 221 904
651 15422 99980346 440 868 1189 608 221 906
652 15444 99980312 445 853 1206 606 225 909
653 15479 99980267 454 850 1196 618 222 914
654 15528 99980214 443 883 1174 615 225 918
655 15577 99980164 447 885 1183 605 219 920
656 15611 99980129 445 890 1178 605 218 924
657 15662 99980083 452 861 1193 604 216 929
658 15699 99980044 449 874 1191 595 215 933
659 15723 99980021 435 887 1193 593 212 936
660 15750 99979976 436 890 1198 598 212 940
661 15771 99979926 443 906 1194 599 219 942
662 15809 99979905 437 892 1196 602 212 947
663 15855 99979870 444 882 1185 602 212 950
664 15903 99979835 436 881 1195 587 207 956
665 15942 99979788 423 895 1217 570 208 957
666 15952 99979751 444 886 1216 580 210 961
667 15966 99979714 453 879 1224 586 211 967
668 16012 99979696 448 872 1197 591 213 971
669 16028 99979650 457 866 1217 600 207 975
670 16056 99979591 458 881 1220 607 208 979
671 16097 99979556 460 897 1214 591 205 980
672 16120 99979528 463 884 1226 593 204 982
673 16151 99979508 452 880 1229 588 209 983
674 16187 99979469 450 902 1217 579 212 984
675 16226 99979425 445 913 1213 585 205 988
676 16225 99979386 470 911 1208 602 209 989
677 16266 99979360 460 909 1209 595 207 994
678 16307 99979327 446 908 1214 589 214 995
679 16325 99979294 453 905 1221 578 228 996
680 16353 99979253 444 933 1204 592 221 1000
681 16390 99979218 461 912 1217 580 219 1003
682 16417 99979179 467 896 1237 580 215 1009
683 16453 99979121 471 898 1245 575 225 1012
684 16487 99979073 479 914 1224 581 226 1016
685 16512 99979014 493 921 1232 583 227 1018
686 16556 99978974 488 913 1243 575 225 1026
687 16584 99978923 485 924 1254 571 229 1030
688 16611 99978883 476 923 1271 578 227 1031
689 16639 99978836 466 954 1248 590 232 1035
690 16656 99978802 481 955 1236 602 227 1041
691 16698 99978758 470 956 1259 583 233 1043
692 16726 99978739 455 955 1258 593 225 1049
693 16756 99978693 453 959 1251 616 219 1053
694 16781 99978656 440 969 1243 632 222 1057
695 16834 99978616 430 955 1267 617 224 1057
696 16849 99978587 445 931 1285 613 228 1062
697 16884 99978523 458 919 1294 631 223 1068
698 16905 99978481 470 921 1286 639 224 1074
699 16954 99978428 496 900 1282 639 225 1076
700 16996 99978389 477 900 1301 624 234 1079
701 17027 99978362 460 911 1314 611 234 1081
702 17073 99978288 471 910 1314 628 233 1083
703 17116 99978252 462 926 1308 618 232 1086
704 17152 99978220 479 922 1295 607 238 1087
705 17194 99978177 489 918 1300 593 237 1092
706 17196 99978165 460 941 1283 621 239 1095
707 17213 99978134 462 958 1259 636 239 1099
708 17254 99978112 457 956 1247 629 240 1105
709 17301 99978062 453 949 1270 617 242 1106
710 17341 99978026 468 931 1268 621 233 1112
711 17377 99977968 477 924 1279 627 234 1114
712 17402 99977932 495 936 1258 631 230 1116
713 17439 99977903 486 942 1249 631 232 1118
714 17466 99977872 483 928 1269 636 224 1122
715 17494 99977824 472 939 1286 633 227 1125
716 17513 99977794 461 952 1284 637 231 1128
717 17557 99977763 458 939 1298 615 240 1130
718 17584 99977727 472 951 1299 600 234 1133
719 17626 99977682 478 949 1303 595 233 1134
720 17657 99977638 482 956 1283 611 235 1138
721 17715 99977599 494 944 1281 596 228 1143
722 17748 99977564 475 955 1271 609 228 1150
723 17776 99977528 470 950 1303 595 227 1151
724 17774 99977500 479 943 1318 597 238 1151
725 17799 99977484 468 952 1296 608 236 1157
726 17824 99977439 482 947 1292 619 238 1159
727 17861 99977392 490 948 1296 616 233 1164
728 17892 99977357 481 961 1290 622 232 1165
729 17914 99977302 513 962 1294 617 228 1170
730 17945 99977291 483 957 1302 624 221 1177
731 17980 99977225 504 960 1317 618 216 1180
732 17990 99977196 500 960 1319 633 220 1182
733 18020 99977153 492 981 1320 620 227 1187
734 18042 99977120 518 965 1300 640 223 1192
735 18094 99977059 495 994 1292 647 227 1192
736 18134 99977006 512 981 1312 636 225 1194
737 18171 99976940 524 1005 1305 630 229 1196
738 18196 99976896 530 1001 1310 638 231 1198
739 18220 99976865 527 999 1321 636 231 1201
740 18248 99976824 518 1012 1335 637 224 1202
741 18281 99976764 512 1016 1346 649 227 1205
742 18312 99976709 518 1048 1315 657 232 1209
743 18336 99976678 520 1022 1343 658 233 1210
744 18337 99976662 512 1030 1341 666 241 1211
745 18349 99976609 527 1036 1363 666 235 1215
746 18401 99976553 524 1048 1363 649 243 1219
747 18434 99976505 523 1047 1359 670 235 1227
748 18471 99976448 532 1030 1385 667 239 1228
749 18506 99976396 502 1039 1405 675 248 1229
750 18546 99976352 496 1042 1403 681 246 1234
751 18576 99976296 507 1043 1405 697 239 1237
752 18628 99976252 513 1044 1390 697 234 1242
753 18645 99976226 507 1029 1434 676 238 1245
754 18672 99976210 503 1020 1417 685 246 1247
755 18677 99976151 512 1030 1425 694 259 1252
756 18736 99976092 505 1045 1410 697 259 1256
757 18764 99976077 497 1009 1443 700 253 1257
758 18796 99976044 507 999 1446 690 255 1263
759 18818 99976037 461 1019 1436 704 259 1266
760 18859 99975998 472 1018 1418 709 259 1267
761 18884 99975966 489 1004 1415 704 267 1271
762 18915 99975920 487 1010 1415 712 268 1273
763 18936 99975907 508 973 1425 704 268 1279
764 18948 99975865 515 977 1419 724 269 1283
765 18971 99975849 509 986 1404 717 278 1286
766 19017 99975808 505 994 1398 704 285 1289
767 19047 99975741 541 969 1425 696 290 1291
768 19088 99975712 516 987 1397 716 287 1297
769 19124 99975661 534 998 1377 723 279 1304
770 19138 99975662 525 992 1382 719 275 1307
771 19199 99975597 506 1049 1354 702 286 1307
772 19243 99975526 541 1031 1367 700 281 1311
773 19290 99975488 528 1043 1370 684 282 1315
774 19322 99975446 549 1030 1362 693 276 1322
775 19374 99975416 532 1047 1349 680 273 1329
776 19396 99975390 506 1057 1375 673 270 1333
777 19440 99975344 505 1062 1376 672 263 1338
778 19483 99975287 514 1074 1355 684 260 1343
779 19551 99975227 533 1038 1385 663 256 1347
780 19571 99975213 529 1047 1394 642 253 1351
781 19615 99975157 550 1033 1403 639 250 1353
782 19626 99975141 514 1063 1419 630 253 1354
783 19672 99975087 507 1065 1419 642 248 1360
784 19686 99975039 528 1035 1446 662 242 1362
785 19722 99975006 509 1055 1444 655 243 1366
786 19721 99974990 533 1028 1460 661 240 1367
787 19756 99974950 543 1040 1436 666 239 1370
788 19777 99974903 540 1057 1443 666 241 1373
789 19806 99974862 550 1059 1444 669 235 1375
790 19832 99974816 555 1047 1433 695 244 1378
791 19836 99974789 537 1050 1453 710 243 1382
792 19871 99974748 529 1068 1438 713 248 1385
793 19866 99974733 511 1059 1469 730 243 1389
794 19903 99974684 509 1088 1441 734 247 1394
795 19944 99974664 511 1080 1419 736 247 1399
796 19968 99974605 524 1069 1438 746 248 1402
797 20005 99974545 547 1061 1429 761 249 1403
798 20038 99974497 542 1064 1442 750 261 1406
799 20063 99974458 550 1048 1456 760 255 1410
800 20115 99974411 532 1053 1473 739 264 1413
801 20161 99974359 531 1058 1465 739 272 1415
802 20157 99974362 530 1051 1464 746 272 1418
803 20181 99974307 538 1061 1464 743 286 1420
804 20208 99974275 544 1056 1452 756 285 1424
805 20237 99974229 539 1078 1462 740 289 1426
806 20272 99974202 537 1072 1466 729 292 1430
807 20318 99974162 525 1088 1447 727 302 1431
808 20364 99974111 536 1076 1467 717 298 1431
809 20380 99974077 538 1070 1476 727 300 1432
810 20410 99974038 552 1067 1465 733 302 1433
811 20425 99974008 554 1063 1457 750 308 1435
812 20452 99973992 538 1080 1449 739 310 1440
813 20492 99973949 534 1077 1452 741 313 1442
814 20527 99973888 540 1089 1458 742 312 1444
815 20555 99973839 563 1079 1466 736 310 1452
816 20560 99973800 568 1074 1482 745 313 1458
817 20572 99973788 568 1072 1482 747 310 1461
818 20600 99973755 553 1092 1484 734 316 1466
819 20641 99973715 530 1117 1467 746 313 1471
820 20685 99973647 545 1106 1471 758 308 1480
821 20725 99973606 550 1102 1478 744 308 1487
822 20768 99973567 544 1093 1486 737 310 1495
823 20809 99973522 555 1093 1489 729 304 1499
824 20880 99973459 549 1113 1478 717 302 1502
825 20909 99973439 533 1118 1482 712 300 1507
826 20952 99973394 557 1097 1488 703 296 1513
827 20999 99973335 563 1085 1508 697 295 1518
828 21044 99973274 569 1094 1507 695 293 1524
829 21055 99973250 578 1083 1513 707 286 1528
830 21090 99973223 555 1101 1516 695 289 1531
831 21135 99973177 555 1118 1502 694 283 1536
832 21191 99973131 543 1118 1514 694 268 1541
833 21218 99973094 550 1111 1511 704 265 1547
834 21236 99973053 563 1112 1506 711 270 1549
835 21261 99973035 538 1118 1519 715 259 1555
836 21271 99973028 523 1112 1529 723 253 1561
837 21305 99972994 529 1128 1504 726 251 1563
838 21312 99972967 537 1118 1500 742 253 1571
839 21329 99972932 553 1093 1514 755 247 1577
840 21346 99972884 582 1066 1530 767 243 1582
841 21375 99972836 580 1079 1529 771 242 1588
842 21413 99972794 568 1100 1525 766 243 1591
843 21421 99972782 558 1091 1524 788 241 1595
844 21454 99972760 549 1105 1523 779 231 1599
845 21454 99972741 543 1109 1535 785 232 1601
846 21480 99972680 570 1105 1533 792 237 1603
847 21516 99972626 589 1111 1513 799 242 1604
848 21557 99972567 601 1131 1513 789 237 1605
849 21562 99972561 598 1123 1507 792 251 1606
850 21624 99972493 592 1138 1507 782 255 1609
851 21678 99972433 595 1147 1497 775 264 1611
852 21679 99972432 568 1150 1517 777 264 1613
853 21711 99972376 588 1141 1532 768 268 1616
854 21734 99972337 589 1162 1520 762 277 1619
855 21739 99972306 586 1184 1512 774 274 1625
856 21765 99972276 599 1169 1516 760 287 1628
857 21813 99972230 579 1186 1512 752 298 1630
858 21831 99972199 565 1181 1552 737 302 1633
859 21825 99972170 560 1181 1578 744 303 1639
860 21860 99972143 554 1167 1588 739 308 1641
861 21896 99972082 587 1167 1573 733 315 1647
862 21913 99972055 587 1154 1591 727 322 1651
863 21959 99972030 569 1146 1591 735 314 1656
864 21985 99971963 606 1153 1576 744 313 1660
865 22010 99971911 604 1166 1593 744 311 1661
866 22047 99971872 594 1152 1622 733 314 1666
867 22064 99971836 616 1129 1628 744 315 1668
868 22097 99971791 590 1160 1632 748 308 1674
869 22136 99971739 582 1191 1602 763 311 1676
870 22185 99971690 597 1181 1598 772 292 1685
871 22227 99971643 602 1185 1587 781 285 1690
872 22226 99971614 596 1196 1588 801 287 1692
873 22252 99971584 581 1186 1597 820 287 1693
874 22306 99971518 599 1191 1590 809 289 1698
875 22333 99971481 581 1218 1588 812 282 1705
876 22358 99971456 582 1186 1606 816 285 1711
877 22384 99971387 613 1163 1612 836 289 1716
878 22420 99971349 585 1196 1598 836 294 1722
879 22449 99971283 617 1183 1605 841 299 1723
880 22453 99971273 611 1178 1617 839 302 1727
881 22493 99971201 612 1194 1629 837 301 1733
882 22525 99971165 626 1184 1635 816 310 1739
883 22557 99971124 605 1198 1653 802 318 1743
884 22589 99971109 612 1193 1626 796 330 1745
885 22604 99971080 587 1225 1623 800 332 1749
886 22623 99971038 598 1211 1665 789 324 1752
887 22691 99970984 600 1222 1628 793 328 1754
888 22741 99970938 612 1223 1604 792 333 1757
889 22740 99970914 617 1199 1642 793 334 1761
890 22759 99970885 598 1224 1634 804 329 1767
891 22783 99970842 616 1205 1655 797 331 1771
892 22818 99970806 607 1224 1633 806 326 1780
893 22831 99970777 600 1204 1657 826 317 1788
894 22856 99970738 612 1196 1658 839 311 1790
895 22881 99970705 591 1216 1664 831 316 1796
896 22925 99970636 615 1219 1664 827 314 1800
897 22957 99970601 610 1217 1645 863 300 1807
898 22982 99970564 610 1210 1675 845 299 1815
899 23025 99970501 649 1207 1682 820 297 1819
900 23052 99970472 632 1222 1663 831 307 1821
901 23102 99970428 643 1210 1677 810 302 1828
902 23136 99970424 628 1222 1656 817 288 1829
903 23167 99970371 606 1240 1687 807 291 1831
904 23213 99970325 613 1247 1658 812 296 1836
905 23275 99970270 616 1253 1651 801 292 1842
906 23299 99970235 626 1238 1663 794 296 1849
907 23324 99970173 631 1255 1666 801 297 1853
908 23357 99970142 622 1245 1686 784 307 1857
909 23390 99970115 611 1259 1663 798 304 1860
910 23414 99970059 622 1254 1673 811 300 1867
911 23453 99970023 606 1237 1703 802 307 1869
912 23463 99969986 612 1235 1701 829 299 1875
913 23497 99969918 634 1227 1708 833 302 1881
914 23514 99969897 611 1248 1685 857 301 1887
915 23554 99969848 619 1237 1702 843 307 1890
916 23593 99969805 624 1234 1714 830 308 1892
917 23627 99969737 647 1245 1712 828 310 1894
918 23659 99969705 654 1233 1720 819 307 1903
919 23719 99969642 666 1225 1718 815 312 1903
920 23756 99969640 624 1236 1726 802 307 1909
921 23786 99969607 580 1281 1713 810 312 1911
922 23834 99969542 609 1265 1693 826 312 1919
923 23872 99969480 609 1285 1692 818 321 1923
924 23899 99969446 643 1248 1695 822 320 1927
925 23953 99969429 617 1227 1719 805 320 1930
926 23992 99969382 600 1263 1698 811 318 1936
927 24010 99969337 600 1275 1698 836 304 1940
928 24040 99969295 599 1267 1703 844 306 1946
929 24079 99969233 648 1197 1740 852 300 1951
930 24118 99969189 639 1209 1721 866 304 1954
931 24129 99969162 615 1209 1742 880 302 1961
932 24165 99969103 632 1242 1716 871 306 1965
933 24193 99969084 623 1265 1698 862 305 1970
934 24243 99969033 632 1239 1724 844 312 1973
935 24262 99968998 651 1215 1739 848 310 1977
936 24326 99968939 632 1231 1725 873 292 1982
937 24357 99968919 618 1271 1704 860 285 1986
938 24376 99968887 613 1271 1705 859 297 1992
939 24409 99968863 600 1266 1715 859 292 1996
940 24464 99968794 633 1264 1677 873 294 2001
941 24463 99968771 649 1241 1698 867 307 2004
942 24491 99968740 645 1245 1678 880 312 2009
943 24503 99968681 664 1251 1706 867 314 2014
944 24520 99968646 644 1265 1729 857 320 2019
945 24564 99968587 655 1267 1712 872 316 2027
946 24605 99968546 673 1258 1701 871 312 2034
947 24643 99968510 666 1264 1714 844 319 2040
948 24643 99968454 678 1277 1744 835 319 2050
949 24661 99968429 661 1304 1730 832 328 2055
950 24694 99968388 657 1318 1714 844 329 2056
951 24711 99968372 638 1330 1715 832 343 2059
952 24735 99968355 613 1322 1729 843 334 2069
953 24761 99968309 630 1316 1740 825 347 2072
954 24755 99968276 633 1330 1744 840 346 2076
955 24791 99968251 638 1304 1747 847 342 2080
956 24806 99968219 662 1291 1750 852 332 2088
957 24838 99968190 642 1291 1763 849 335 2092
958 24858 99968150 637 1290 1766 867 336 2096
959 24866 99968124 643 1276 1781 877 333 2100
960 24870 99968104 636 1275 1810 869 329 2107
961 24874 99968056 661 1272 1811 878 329 2119
962 24897 99968029 659 1270 1823 877 321 2124
963 24969 99967982 653 1281 1786 877 321 2131
964 24989 99967957 635 1298 1774 884 328 2135
965 25030 99967921 604 1303 1796 890 318 2138
966 25057 99967881 613 1296 1792 903 317 2141
967 25116 99967820 639 1296 1780 887 317 2145
968 25136 99967794 653 1271 1781 889 327 2149
969 25179 99967746 670 1265 1765 886 339 2150
970 25196 99967706 665 1272 1763 901 343 2154
971 25230 99967657 655 1292 1745 926 335 2160
972 25301 99967581 669 1288 1756 909 329 2167
973 25316 99967552 662 1274 1769 918 337 2172
974 25383 99967481 667 1278 1784 897 335 2175
975 25433 99967449 656 1294 1785 879 323 2181
976 25466 99967423 652 1322 1761 872 322 2182
977 25530 99967366 664 1332 1740 864 317 2187
978 25550 99967320 659 1332 1759 877 313 2190
979 25602 99967284 655 1311 1762 878 313 2195
980 25647 99967231 655 1321 1772 862 313 2199
981 25672 99967182 669 1326 1773 866 308 2204
982 25699 99967144 677 1326 1781 851 315 2207
983 25732 99967089 709 1311 1781 863 303 2212
984 25788 99967062 674 1307 1780 867 306 2216
985 25808 99967018 665 1333 1776 865 313 2222
986 25837 99966968 661 1336 1795 870 307 2226
987 25837 99966938 643 1364 1802 876 310 2230
988 25857 99966885 694 1329 1828 863 314 2230
989 25882 99966867 679 1334 1827 866 312 2233
990 25924 99966806 691 1338 1815 873 317 2236
991 25936 99966773 691 1352 1804 887 314 2243
992 25970 99966741 651 1368 1813 887 322 2248
993 25979 99966698 676 1344 1831 896 319 2257
994 26003 99966635 689 1352 1837 892 332 2260
995 26053 99966584 696 1334 1844 893 330 2266
996 26077 99966562 703 1345 1825 900 313 2275
997 26125 99966519 663 1355 1829 918 311 2280
998 26144 99966481 641 1380 1842 919 310 2283
999 26175 99966440 637 1387 1835 927 312 2287
0 0 9999 1 0 0 0 0 0
1 0 9999 1 0 0 0 0 0
2 0 9999 1 0 0 0 0 0
3 0 9999 1 0 0 0 0 0
4 0 9999 0 1 0 0 0 0
5 0 9999 0 1 0 0 0 0
6 0 9999 0 1 0 0 0 0
7 0 9999 0 1 0 0 0 0
8 0 9997 2 1 0 0 0 0
9 0 9997 2 1 0 0 0 0
10 0 9995 4 1 0 0 0 0
11 0 9995 4 1 0 0 0 0
12 0 9995 2 2 1 0 0 0
13 0 9993 4 2 1 0 0 0
14 0 9992 3 4 1 0 0 0
15 0 9991 4 4 1 0 0 0
16 0 9989 6 4 1 0 0 0
17 0 9988 5 6 1 0 0 0
18 0 9987 5 7 1 0 0 0
19 0 9984 7 8 1 0 0 0
20 0 9980 9 8 3 0 0 0
21 0 9978 10 9 3 0 0 0
22 0 9977 10 8 5 0 0 0
23 0 9974 10 11 4 1 0 0
24 0 9970 10 15 4 1 0 0
25 0 9968 10 15 6 1 0 0
26 0 9965 12 15 7 1 0 0
27 0 9962 12 17 8 1 0 0
28 0 9959 11 19 10 1 0 0
29 0 9955 13 20 11 1 0 0
30 0 9951 14 22 12 1 0 0
31 0 9949 13 22 13 3 0 0
32 0 9942 17 21 17 3 0 0
33 1 9938 17 23 17 4 0 0
34 1 9933 18 26 18 3 1 0
35 1 9929 20 25 21 3 1 0
36 2 9926 16 28 23 4 1 0
37 3 9921 17 30 24 4 1 0
38 3 9914 19 32 26 5 1 0
39 4 9909 20 33 27 6 1 0
40 5 9902 24 33 29 6 1 0
41 6 9897 24 34 32 6 1 0
42 9 9894 20 37 33 5 2 0
43 11 9888 21 40 31 7 2 0
44 13 9881 21 40 36 7 2 0
45 14 9871 26 41 39 7 2 0
46 17 9869 25 39 41 7 2 0
47 18 9861 27 41 41 10 2 0
48 19 9858 23 45 42 11 1 1
49 21 9851 20 50 44 11 2 1
50 23 9843 26 45 48 11 3 1
51 25 9835 26 48 50 12 3 1
52 28 9823 35 44 53 13 3 1
53 32 9821 30 46 54 13 3 1
54 33 9814 29 51 55 13 4 1
55 38 9810 25 53 54 15 4 1
56 39 9799 24 58 57 19 3 1
57 42 9787 34 50 62 21 3 1
58 47 9781 33 55 60 20 3 1
59 49 9776 34 51 65 21 3 1
60 52 9767 32 59 63 22 4 1
61 57 9757 30 64 63 24 4 1
62 62 9753 28 62 66 24 4 1
63 69 9736 40 59 67 24 4 1
64 73 9729 38 56 74 25 4 1
65 76 9716 41 64 73 25 4 1
66 80 9708 45 61 74 25 6 1
67 85 9699 37 74 71 25 8 1
68 94 9692 37 70 72 27 7 1
69 99 9683 33 71 82 24 7 1
70 102 9669 39 73 80 29 7 1
71 104 9657 42 77 82 29 8 1
72 111 9653 39 75 84 29 8 1
73 116 9642 41 74 86 32 8 1
74 124 9629 40 84 82 32 7 2
75 128 9620 37 79 87 39 8 2
76 130 9613 40 76 92 39 8 2
77 134 9603 39 74 98 42 7 3
78 140 9590 39 79 102 41 6 3
79 149 9583 37 79 100 41 8 3
80 159 9562 51 79 95 45 6 3
81 168 9550 53 80 98 42 6 3
82 172 9539 51 79 107 42 7 3
83 177 9524 59 74 110 45 8 3
84 183 9515 47 91 104 48 9 3
85 187 9504 46 92 111 49 8 3
86 204 9493 46 90 107 45 12 3
87 208 9481 43 96 109 47 13 3
88 217 9470 45 98 103 49 15 3
89 225 9457 47 99 105 50 14 3
90 234 9441 52 97 109 50 14 3
91 244 9423 58 102 109 46 15 3
92 250 9411 59 92 121 47 17 3
93 259 9403 54 93 119 54 15 3
94 267 9394 47 98 118 57 16 3
95 278 9372 51 101 129 52 14 3
96 290 9350 61 104 127 52 13 3
97 299 9338 65 101 125 52 16 4
98 306 9322 72 99 127 54 16 4
99 318 9311 61 109 132 48 17 4
100 324 9300 50 120 133 50 17 6
101 340 9278 60 119 133 48 16 6
102 345 9258 64 119 142 51 14 7
103 362 9240 71 112 139 54 15 7
104 373 9231 69 111 139 51 19 7
105 386 9216 62 125 136 50 18 7
106 398 9197 61 136 130 54 17 7
107 407 9174 66 132 143 53 18 7
108 416 9160 71 119 154 53 20 7
109 427 9147 69 122 155 51 22 7
110 431 9129 68 125 159 58 23 7
111 447 9114 60 137 159 56 20 7
112 457 9093 67 140 157 60 19 7
113 467 9076 71 131 163 65 19 8
114 488 9065 64 129 165 66 15 8
115 501 9047 67 126 171 64 16 8
116 513 9032 61 138 172 58 18 8
117 521 9011 65 140 178 58 19 8
118 539 8994 71 132 175 65 16 8
119 553 8982 65 127 176 72 17 8
120 562 8960 72 128 178 74 17 9
121 577 8941 70 136 175 75 17 9
122 591 8931 63 135 182 74 15 9
123 597 8909 73 132 186 77 17 9
124 612 8892 68 133 185 81 20 9
125 627 8867 74 135 182 83 23 9
126 639 8844 87 134 175 89 23 9
127 645 8825 84 138 184 92 23 9
128 659 8808 84 140 184 91 25 9
129 679 8792 75 144 186 88 27 9
130 702 8774 70 150 180 86 28 10
131 712 8754 71 157 178 90 28 10
132 730 8736 72 152 187 85 28 10
133 744 8717 75 149 188 90 27 10
134 758 8695 79 157 183 88 30 10
135 779 8668 86 155 184 85 32 11
136 796 8644 92 156 184 83 34 11
137 811 8624 93 150 198 77 34 13
138 826 8600 95 149 203 81 33 13
139 844 8585 83 157 207 81 30 13
140 856 8564 80 164 203 87 33 13
141 872 8540 84 168 202 87 34 13
142 890 8518 82 174 208 81 34 13
143 911 8493 92 169 206 83 33 13
144 925 8470 94 172 205 89 32 13
145 935 8453 87 177 214 88 33 13
146 958 8427 91 177 214 87 32 14
147 976 8406 87 175 224 84 34 14
148 994 8385 85 174 223 92 32 15
149 1012 8359 94 171 220 96 33 15
150 1026 8338 89 173 225 102 32 15
151 1043 8311 95 179 223 100 32 17
152 1059 8291 94 179 228 100 30 19
153 1073 8269 90 181 234 105 29 19
154 1091 8240 98 180 236 106 29 20
155 1114 8213 98 182 243 98 32 20
156 1128 8191 100 179 247 104 30 21
157 1147 8158 111 184 242 106 30 22
158 1168 8124 116 187 241 113 29 22
159 1191 8106 107 193 238 112 31 22
160 1206 8083 108 194 239 113 35 22
161 1228 8065 93 201 241 112 37 23
162 1244 8033 91 214 247 112 36 23
163 1268 8007 99 205 253 110 34 24
164 1283 7980 103 208 249 118 35 24
165 1299 7953 112 204 249 124 35 24
166 1315 7928 105 207 253 131 37 24
167 1337 7899 108 206 257 131 38 24
168 1358 7874 106 211 262 127 37 25
169 1383 7837 116 205 269 128 37 25
170 1402 7806 122 196 282 127 40 25
171 1422 7780 119 207 279 126 42 25
172 1445 7760 114 209 276 127 44 25
173 1465 7738 99 228 273 130 42 25
174 1489 7713 93 227 278 135 40 25
175 1513 7683 97 227 284 128 42 26
176 1539 7661 99 220 289 121 45 26
177 1565 7626 112 215 287 124 45 26
178 1587 7599 114 215 285 124 49 27
179 1605 7574 109 216 292 128 47 29
180 1634 7548 113 213 284 133 45 30
181 1660 7519 107 211 287 138 47 31
182 1682 7481 118 207 300 133 48 31
183 1708 7453 121 206 303 132 46 31
184 1725 7420 128 212 305 129 50 31
185 1750 7393 126 219 295 135 50 32
186 1773 7353 128 232 294 137 50 33
187 1793 7327 126 230 297 142 51 34
188 1818 7303 117 241 292 143 52 34
189 1845 7275 118 233 302 140 52 35
190 1869 7245 108 246 300 145 51 36
191 1897 7211 116 247 300 141 51 37
192 1934 7180 123 245 289 142 47 40
193 1956 7150 125 244 287 149 48 41
194 1977 7118 127 236 299 152 50 41
195 1994 7079 132 242 307 155 49 42
196 2025 7043 137 240 318 144 50 43
197 2050 7006 144 243 320 144 50 43
198 2083 6984 134 235 330 143 46 45
199 2111 6960 119 248 334 138 45 45
200 2140 6918 125 260 323 145 44 45
201 2165 6885 121 269 324 146 44 46
202 2194 6859 125 261 329 141 45 46
203 2218 6831 129 251 337 139 47 48
204 2244 6793 125 262 339 137 52 48
205 2278 6759 126 265 331 138 54 49
206 2307 6735 124 259 335 136 55 49
207 2329 6702 129 248 341 146 56 49
208 2349 6667 126 250 350 151 56 51
209 2377 6629 130 247 347 162 57 51
210 2401 6596 139 249 343 163 58 51
211 2431 6562 140 258 343 156 59 51
212 2461 6532 135 251 357 152 60 52
213 2482 6499 130 256 360 159 62 52
214 2516 6471 126 263 352 157 63 52
215 2546 6432 131 269 349 157 63 53
216 2576 6388 145 261 357 155 65 53
217 2597 6367 134 260 359 165 63 55
218 2630 6346 127 265 344 169 63 56
219 2663 6307 127 271 341 169 64 58
220 2704 6269 122 280 339 163 65 58
221 2727 6234 136 264 355 162 64 58
222 2746 6206 143 253 364 167 63 58
223 2778 6173 140 258 356 173 64 58
224 2810 6150 126 267 353 173 63 58
225 2830 6111 131 270 360 174 64 60
226 2849 6072 142 270 361 176 69 61
227 2884 6031 150 267 362 178 67 61
228 2921 6004 153 248 372 171 70 61
229 2944 5970 147 267 370 164 76 62
230 2971 5938 141 285 359 165 76 65
231 3003 5895 142 290 363 165 77 65
232 3031 5849 162 279 364 177 72 66
233 3064 5821 158 278 367 175 70 67
234 3099 5790 159 283 362 172 67 68
235 3129 5752 153 292 368 165 72 69
236 3153 5712 150 315 360 167 74 69
237 3180 5668 164 305 372 167 75 69
238 3222 5639 161 300 373 163 73 69
239 3254 5612 154 295 373 173 69 70
240 3276 5568 155 312 379 172 65 73
241 3300 5529 152 322 392 164 68 73
242 3333 5488 166 320 387 166 67 73
243 3376 5458 169 307 393 161 62 74
244 3404 5436 152 305 405 165 59 74
245 3425 5398 152 316 407 167 58 77
246 3448 5356 151 327 406 177 57 78
247 3473 5328 148 323 420 172 58 78
248 3500 5293 159 307 424 179 60 78
249 3523 5262 157 304 429 190 55 80
250 3552 5232 147 317 417 194 59 82
251 3579 5192 158 317 421 193 58 82
252 3604 5155 157 311 432 199 59 83
253 3622 5121 158 309 440 202 64 84
254 3653 5082 167 298 441 207 68 84
255 3681 5049 165 306 428 215 70 86
256 3718 5019 160 316 426 205 69 87
257 3750 4984 156 315 433 207 68 87
258 3771 4952 148 314 439 222 67 87
259 3818 4916 149 323 426 216 65 87
260 3857 4882 158 317 421 212 66 87
261 3890 4843 170 314 429 203 64 87
262 3909 4804 182 315 432 206 64 88
263 3942 4769 179 314 429 215 63 89
264 3979 4730 180 318 426 212 62 93
265 4017 4701 166 326 421 215 61 93
266 4046 4658 165 330 430 211 66 94
267 4049 4634 167 328 442 223 61 96
268 4091 4604 157 338 434 222 56 98
269 4131 4570 165 336 426 218 54 100
270 4161 4535 161 347 430 214 51 101
271 4192 4493 171 346 432 212 52 102
272 4220 4451 189 337 435 212 53 103
273 4246 4404 199 331 449 213 54 104
274 4282 4367 202 326 454 210 55 104
275 4306 4335 191 338 454 216 55 105
276 4339 4316 169 346 457 209 58 106
277 4365 4274 170 364 448 210 63 106
278 4393 4240 167 363 454 213 61 109
279 4420 4202 172 362 461 210 63 110
280 4444 4168 188 358 458 208 62 114
281 4462 4129 179 369 465 216 66 114
282 4484 4098 183 369 466 220 65 115
283 4516 4066 175 363 474 225 66 115
284 4537 4034 178 357 477 233 69 115
285 4571 4005 173 349 482 234 69 117
286 4596 3968 176 350 489 231 73 117
287 4621 3928 191 347 485 238 72 118
288 4644 3889 190 366 480 237 74 120
289 4672 3857 191 352 487 240 80 121
290 4690 3829 180 359 489 248 81 124
291 4722 3787 174 366 500 249 77 125
292 4746 3743 186 368 503 250 78 126
293 4769 3711 187 364 505 257 81 126
294 4799 3684 185 356 501 266 81 128
295 4821 3660 184 365 486 271 83 130
296 4860 3629 168 376 482 271 83 131
297 4898 3591 176 378 476 264 85 132
298 4930 3545 193 365 486 256 92 133
299 4944 3507 204 358 508 253 92 134
300 4987 3478 203 354 502 248 92 136
301 5016 3437 203 363 500 246 98 137
302 5046 3409 192 378 494 247 97 137
303 5082 3384 175 388 494 243 95 139
304 5122 3335 187 371 509 238 97 141
305 5160 3292 195 379 504 223 106 141
306 5187 3247 212 385 504 206 115 144
307 5225 3202 230 379 500 207 113 144
308 5253 3168 215 390 504 213 111 146
309 5277 3130 209 398 504 223 113 146
310 5298 3098 201 404 506 229 117 147
311 5322 3062 203 405 514 227 117 150
312 5361 3024 211 402 516 223 112 151
313 5385 2990 211 404 527 219 112 152
314 5410 2959 204 413 524 224 113 153
315 5453 2930 188 433 503 229 110 154
316 5468 2895 196 426 516 234 111 154
317 5487 2861 195 420 537 240 105 155
318 5517 2843 183 405 552 238 103 159
319 5544 2806 192 391 565 245 96 161
320 5580 2785 175 407 555 244 88 166
321 5614 2752 169 406 553 253 87 166
322 5643 2712 192 387 549 263 86 168
323 5666 2690 180 380 565 267 82 170
324 5689 2663 189 371 563 271 82 172
325 5724 2638 183 364 572 268 78 173
326 5755 2613 162 375 578 264 79 174
327 5779 2597 161 372 566 269 81 175
328 5798 2578 150 364 564 285 85 176
329 5826 2542 165 352 555 295 88 177
330 5857 2522 168 354 531 298 92 178
331 5877 2499 166 341 543 293 103 178
332 5923 2481 164 339 530 281 101 181
333 5950 2472 135 348 523 280 110 182
334 5987 2440 143 330 520 286 111 183
335 6017 2424 140 327 512 285 111 184
336 6037 2415 137 314 508 293 111 185
337 6063 2404 137 300 502 296 112 186
338 6087 2398 116 311 494 285 122 187
339 6124 2382 119 306 477 275 127 190
340 6163 2377 115 301 463 263 125 193
341 6188 2357 125 272 484 252 127 195
342 6216 2356 123 259 470 255 124 197
343 6243 2348 110 259 468 252 119 201
344 6264 2341 113 252 458 251 118 203
345 6316 2322 112 262 427 244 112 205
346 6342 2307 120 239 433 243 111 205
347 6376 2308 111 229 419 243 106 208
348 6395 2313 97 228 412 237 105 213
349 6407 2300 97 237 402 238 106 213
350 6418 2295 96 243 388 233 113 214
351 6436 2289 106 221 388 231 113 216
352 6474 2280 118 210 362 239 100 217
353 6501 2276 111 209 359 230 96 218
354 6517 2274 103 216 345 230 96 219
355 6544 2274 102 217 334 216 91 222
356 6554 2271 100 215 340 205 91 224
357 6571 2272 98 208 328 209 89 225
358 6594 2275 99 199 325 194 87 227
359 6605 2280 92 208 308 192 88 227
360 6617 2275 88 218 300 184 89 229
361 6622 2279 88 209 309 176 85 232
362 6625 2281 89 202 302 180 87 234
363 6639 2286 89 194 299 169 89 235
364 6652 2297 81 188 293 168 83 238
365 6662 2295 75 186 297 162 83 240
366 6661 2306 65 188 295 158 87 240
367 6669 2314 63 181 288 161 83 241
368 6690 2322 60 169 281 153 83 242
369 6693 2320 68 163 275 157 81 243
370 6688 2332 69 154 283 149 78 247
371 6684 2343 67 152 283 146 78 247
372 6683 2356 70 141 272 157 72 249
373 6681 2379 57 143 267 148 74 251
374 6682 2380 63 134 266 147 75 253
375 6688 2382 69 130 254 149 74 254
376 6700 2386 67 130 242 151 67 257
377 6690 2400 70 125 239 157 60 259
378 6697 2410 64 132 229 146 61 261
379 6693 2433 55 136 217 143 60 263
380 6691 2439 64 137 204 144 57 264
381 6679 2455 60 127 208 151 56 264
382 6669 2470 55 127 206 154 55 264
383 6669 2486 58 124 196 142 60 265
384 6674 2502 44 131 186 140 56 267
385 6676 2517 42 130 176 135 57 267
386 6665 2537 46 119 180 122 64 267
387 6658 2546 53 113 184 117 61 268
388 6664 2559 54 108 178 115 54 268
389 6658 2566 56 102 181 119 50 268
390 6651 2583 53 101 181 112 51 268
391 6649 2600 40 111 179 99 54 268
392 6648 2621 40 98 174 100 50 269
393 6636 2640 38 98 172 99 48 269
394 6631 2652 36 99 169 96 48 269
395 6608 2675 41 93 167 93 54 269
396 6592 2700 37 94 161 93 54 269
397 6581 2719 37 94 151 98 49 271
398 6577 2735 34 89 146 99 49 271
399 6559 2760 31 81 153 93 52 271
400 6549 2782 37 77 145 92 46 272
401 6526 2817 33 75 143 93 41 272
402 6513 2833 35 70 144 92 41 272
403 6518 2847 32 72 129 83 47 272
404 6500 2874 29 74 125 81 45 272
405 6479 2901 29 70 126 78 44 273
406 6472 2917 27 69 122 76 44 273
407 6466 2931 27 63 126 68 45 274
408 6443 2963 25 66 120 63 46 274
409 6425 2996 23 62 117 60 42 275
410 6415 3013 24 62 103 62 43 278
411 6395 3039 21 59 103 59 45 279
412 6371 3068 20 54 101 61 45 280
413 6355 3093 20 52 97 64 38 281
414 6331 3124 18 51 98 59 38 281
415 6303 3160 18 48 95 56 39 281
416 6280 3189 15 45 92 58 40 281
417 6265 3212 16 43 90 57 36 281
418 6247 3236 15 42 84 60 35 281
419 6210 3278 15 39 85 57 34 282
420 6184 3314 14 35 80 58 33 282
421 6173 3335 11 36 79 54 29 283
422 6154 3360 9 33 77 57 25 285
423 6130 3396 8 33 69 56 23 285
424 6093 3442 9 29 67 54 20 286
425 6069 3475 8 27 64 55 16 286
426 6049 3499 7 24 63 57 14 287
427 6031 3524 6 23 58 54 17 287
428 6012 3553 4 23 53 52 16 287
429 5986 3585 2 19 53 51 17 287
430 5962 3617 1 16 51 50 16 287
431 5935 3651 0 14 48 45 19 288
432 5909 3681 0 13 44 44 21 288
433 5891 3708 0 10 40 42 21 288
434 5874 3733 0 8 39 36 21 289
435 5840 3769 0 6 36 36 24 289
436 5809 3805 0 4 33 35 24 290
437 5774 3846 0 2 30 34 24 290
438 5746 3880 0 1 28 32 23 290
439 5725 3905 0 0 27 30 23 290
440 5679 3958 0 0 21 28 24 290
441 5638 4006 0 0 17 28 21 290
442 5600 4049 0 0 14 27 20 290
443 5575 4077 0 0 13 25 19 291
444 5543 4114 0 0 10 20 22 291
445 5506 4156 0 0 8 21 17 292
446 5468 4200 0 0 6 18 16 292
447 5440 4233 0 0 4 16 14 293
448 5425 4253 0 0 2 13 14 293
449 5384 4299 0 0 1 11 12 293
450 5338 4348 0 0 0 11 10 293
451 5303 4386 0 0 0 9 9 293
452 5265 4426 0 0 0 8 8 293
453 5228 4464 0 0 0 7 8 293
454 5196 4496 0 0 0 6 8 294
455 5151 4541 0 0 0 6 8 294
456 5120 4573 0 0 0 4 9 294
457 5078 4617 0 0 0 3 8 294
458 5043 4655 0 0 0 2 5 295
459 5006 4692 0 0 0 1 6 295
460 4973 4726 0 0 0 1 5 295
461 4938 4762 0 0 0 0 5 295
462 4915 4786 0 0 0 0 4 295
463 4878 4824 0 0 0 0 3 295
464 4841 4861 0 0 0 0 3 295
465 4803 4899 0 0 0 0 3 295
466 4758 4944 0 0 0 0 3 295
467 4720 4982 0 0 0 0 3 295
468 4684 5019 0 0 0 0 2 295
469 4652 5051 0 0 0 0 2 295
470 4616 5088 0 0 0 0 1 295
471 4587 5117 0 0 0 0 1 295
472 4551 5153 0 0 0 0 1 295
473 4512 5193 0 0 0 0 0 295
474 4479 5226 0 0 0 0 0 295
475 4439 5266 0 0 0 0 0 295
476 4396 5309 0 0 0 0 0 295
477 4344 5361 0 0 0 0 0 295
478 4294 5411 0 0 0 0 0 295
479 4254 5451 0 0 0 0 0 295
480 4222 5483 0 0 0 0 0 295
481 4165 5540 0 0 0 0 0 295
482 4127 5578 0 0 0 0 0 295
483 4082 5623 0 0 0 0 0 295
484 4032 5673 0 0 0 0 0 295
485 3986 5719 0 0 0 0 0 295
486 3933 5772 0 0 0 0 0 295
487 3891 5814 0 0 0 0 0 295
488 3841 5864 0 0 0 0 0 295
489 3807 5898 0 0 0 0 0 295
490 3769 5936 0 0 0 0 0 295
491 3728 5977 0 0 0 0 0 295
492 3681 6024 0 0 0 0 0 295
493 3632 6073 0 0 0 0 0 295
494 3590 6115 0 0 0 0 0 295
495 3551 6154 0 0 0 0 0 295
496 3494 6211 0 0 0 0 0 295
497 3458 6247 0 0 0 0 0 295
498 3422 6283 0 0 0 0 0 295
499 3377 6328 0 0 0 0 0 295
500 3335 6370 0 0 0 0 0 295
501 3281 6424 0 0 0 0 0 295
502 3235 6470 0 0 0 0 0 295
503 3190 6515 0 0 0 0 0 295
504 3149 6556 0 0 0 0 0 295
505 3105 6600 0 0 0 0 0 295
506 3056 6649 0 0 0 0 0 295
507 3015 6690 0 0 0 0 0 295
508 2968 6737 0 0 0 0 0 295
509 2931 6774 0 0 0 0 0 295
510 2885 6820 0 0 0 0 0 295
511 2836 6869 0 0 0 0 0 295
512 2802 6903 0 0 0 0 0 295
513 2739 6966 0 0 0 0 0 295
514 2696 7009 0 0 0 0 0 295
515 2645 7060 0 0 0 0 0 295
516 2597 7108 0 0 0 0 0 295
517 2554 7151 0 0 0 0 0 295
518 2514 7191 0 0 0 0 0 295
519 2471 7234 0 0 0 0 0 295
520 2413 7292 0 0 0 0 0 295
521 2351 7354 0 0 0 0 0 295
522 2311 7394 0 0 0 0 0 295
523 2261 7444 0 0 0 0 0 295
524 2218 7487 0 0 0 0 0 295
525 2173 7532 0 0 0 0 0 295
526 2106 7599 0 0 0 0 0 295
527 2064 7641 0 0 0 0 0 295
528 2014 7691 0 0 0 0 0 295
529 1973 7732 0 0 0 0 0 295
530 1940 7765 0 0 0 0 0 295
531 1904 7801 0 0 0 0 0 295
532 1867 7838 0 0 0 0 0 295
533 1809 7896 0 0 0 0 0 295
534 1759 7946 0 0 0 0 0 295
535 1723 7982 0 0 0 0 0 295
536 1672 8033 0 0 0 0 0 295
537 1638 8067 0 0 0 0 0 295
538 1595 8110 0 0 0 0 0 295
539 1546 8159 0 0 0 0 0 295
540 1513 8192 0 0 0 0 0 295
541 1483 8222 0 0 0 0 0 295
542 1449 8256 0 0 0 0 0 295
543 1420 8285 0 0 0 0 0 295
544 1384 8321 0 0 0 0 0 295
545 1345 8360 0 0 0 0 0 295
546 1318 8387 0 0 0 0 0 295
547 1294 8411 0 0 0 0 0 295
548 1263 8442 0 0 0 0 0 295
549 1222 8483 0 0 0 0 0 295
550 1194 8511 0 0 0 0 0 295
551 1172 8533 0 0 0 0 0 295
552 1152 8553 0 0 0 0 0 295
553 1125 8580 0 0 0 0 0 295
554 1090 8615 0 0 0 0 0 295
555 1067 8638 0 0 0 0 0 295
556 1040 8665 0 0 0 0 0 295
557 1011 8694 0 0 0 0 0 295
558 990 8715 0 0 0 0 0 295
559 958 8747 0 0 0 0 0 295
560 929 8776 0 0 0 0 0 295
561 903 8802 0 0 0 0 0 295
562 886 8819 0 0 0 0 0 295
563 871 8834 0 0 0 0 0 295
564 842 8863 0 0 0 0 0 295
565 813 8892 0 0 0 0 0 295
566 785 8920 0 0 0 0 0 295
567 762 8943 0 0 0 0 0 295
568 740 8965 0 0 0 0 0 295
569 712 8993 0 0 0 0 0 295
570 698 9007 0 0 0 0 0 295
571 677 9028 0 0 0 0 0 295
572 655 9050 0 0 0 0 0 295
573 626 9079 0 0 0 0 0 295
574 608 9097 0 0 0 0 0 295
575 592 9113 0 0 0 0 0 295
576 580 9125 0 0 0 0 0 295
577 566 9139 0 0 0 0 0 295
578 547 9158 0 0 0 0 0 295
579 529 9176 0 0 0 0 0 295
580 513 9192 0 0 0 0 0 295
581 490 9215 0 0 0 0 0 295
582 471 9234 0 0 0 0 0 295
583 460 9245 0 0 0 0 0 295
584 435 9270 0 0 0 0 0 295
585 418 9287 0 0 0 0 0 295
586 405 9300 0 0 0 0 0 295
587 390 9315 0 0 0 0 0 295
588 376 9329 0 0 0 0 0 295
589 361 9344 0 0 0 0 0 295
590 341 9364 0 0 0 0 0 295
591 327 9378 0 0 0 0 0 295
592 318 9387 0 0 0 0 0 295
593 308 9397 0 0 0 0 0 295
594 294 9411 0 0 0 0 0 295
595 282 9423 0 0 0 0 0 295
596 271 9434 0 0 0 0 0 295
597 263 9442 0 0 0 0 0 295
598 249 9456 0 0 0 0 0 295
599 239 9466 0 0 0 0 0 295
600 231 9474 0 0 0 0 0 295
601 220 9485 0 0 0 0 0 295
602 207 9498 0 0 0 0 0 295
603 199 9506 0 0 0 0 0 295
604 185 9520 0 0 0 0 0 295
605 174 9531 0 0 0 0 0 295
606 163 9542 0 0 0 0 0 295
607 158 9547 0 0 0 0 0 295
608 150 9555 0 0 0 0 0 295
609 140 9565 0 0 0 0 0 295
610 134 9571 0 0 0 0 0 295
611 126 9579 0 0 0 0 0 295
612 119 9586 0 0 0 0 0 295
613 115 9590 0 0 0 0 0 295
614 106 9599 0 0 0 0 0 295
615 98 9607 0 0 0 0 0 295
616 96 9609 0 0 0 0 0 295
617 91 9614 0 0 0 0 0 295
618 85 9620 0 0 0 0 0 295
619 79 9626 0 0 0 0 0 295
620 75 9630 0 0 0 0 0 295
621 68 9637 0 0 0 0 0 295
622 61 9644 0 0 0 0 0 295
623 56 9649 0 0 0 0 0 295
624 53 9652 0 0 0 0 0 295
625 48 9657 0 0 0 0 0 295
626 43 9662 0 0 0 0 0 295
627 37 9668 0 0 0 0 0 295
628 32 9673 0 0 0 0 0 295
629 27 9678 0 0 0 0 0 295
630 22 9683 0 0 0 0 0 295
631 19 9686 0 0 0 0 0 295
632 16 9689 0 0 0 0 0 295
633 14 9691 0 0 0 0 0 295
634 13 9692 0 0 0 0 0 295
635 13 9692 0 0 0 0 0 295
636 13 9692 0 0 0 0 0 295
637 12 9693 0 0 0 0 0 295
638 10 9695 0 0 0 0 0 295
639 7 9698 0 0 0 0 0 295
640 7 9698 0 0 0 0 0 295
641 6 9699 0 0 0 0 0 295
642 5 9700 0 0 0 0 0 295
643 4 9701 0 0 0 0 0 295
644 3 9702 0 0 0 0 0 295
645 3 9702 0 0 0 0 0 295
646 3 9702 0 0 0 0 0 295
647 3 9702 0 0 0 0 0 295
648 3 9702 0 0 0 0 0 295
649 2 9703 0 0 0 0 0 295
650 2 9703 0 0 0 0 0 295
651 1 9704 0 0 0 0 0 295
652 1 9704 0 0 0 0 0 295
653 1 9704 0 0 0 0 0 295
654 0 9705 0 0 0 0 0 295
655 0 9705 0 0 0 0 0 295
656 0 9705 0 0 0 0 0 295
657 0 9705 0 0 0 0 0 295
658 0 9705 0 0 0 0 0 295
659 0 9705 0 0 0 0 0 295
660 0 9705 0 0 0 0 0 295
661 0 9705 0 0 0 0 0 295
662 0 9705 0 0 0 0 0 295
663 0 9705 0 0 0 0 0 295
664 0 9705 0 0 0 0 0 295
665 0 9705 0 0 0 0 0 295
666 0 9705 0 0 0 0 0 295
667 0 9705 0 0 0 0 0 295
668 0 9705 0 0 0 0 0 295
669 0 9705 0 0 0 0 0 295
670 0 9705 0 0 0 0 0 295
671 0 9705 0 0 0 0 0 295
672 0 9705 0 0 0 0 0 295
673 0 9705 0 0 0 0 0 295
674 0 9705 0 0 0 0 0 295
675 0 9705 0 0 0 0 0 295
676 0 9705 0 0 0 0 0 295
677 0 9705 0 0 0 0 0 295
678 0 9705 0 0 0 0 0 295
679 0 9705 0 0 0 0 0 295
680 0 9705 0 0 0 0 0 295
681 0 9705 0 0 0 0 0 295
682 0 9705 0 0 0 0 0 295
683 0 9705 0 0 0 0 0 295
684 0 9705 0 0 0 0 0 295
685 0 9705 0 0 0 0 0 295
686 0 9705 0 0 0 0 0 295
687 0 9705 0 0 0 0 0 295
688 0 9705 0 0 0 0 0 295
689 0 9705 0 0 0 0 0 295
690 0 9705 0 0 0 0 0 295
691 0 9705 0 0 0 0 0 295
692 0 9705 0 0 0 0 0 295
693 0 9705 0 0 0 0 0 295
694 0 9705 0 0 0 0 0 295
695 0 9705 0 0 0 0 0 295
696 0 9705 0 0 0 0 0 295
697 0 9705 0 0 0 0 0 295
698 0 9705 0 0 0 0 0 295
699 0 9705 0 0 0 0 0 295
700 0 9705 0 0 0 0 0 295
701 0 9705 0 0 0 0 0 295
702 0 9705 0 0 0 0 0 295
703 0 9705 0 0 0 0 0 295
704 0 9705 0 0 0 0 0 295
705 0 9705 0 0 0 0 0 295
706 0 9705 0 0 0 0 0 295
707 0 9705 0 0 0 0 0 295
708 0 9705 0 0 0 0 0 295
709 0 9705 0 0 0 0 0 295
710 0 9705 0 0 0 0 0 295
711 0 9705 0 0 0 0 0 295
712 0 9705 0 0 0 0 0 295
713 0 9705 0 0 0 0 0 295
714 0 9705 0 0 0 0 0 295
715 0 9705 0 0 0 0 0 295
716 0 9705 0 0 0 0 0 295
717 0 9705 0 0 0 0 0 295
718 0 9705 0 0 0 0 0 295
719 0 9705 0 0 0 0 0 295
720 0 9705 0 0 0 0 0 295
721 0 9705 0 0 0 0 0 295
722 0 9705 0 0 0 0 0 295
723 0 9705 0 0 0 0 0 295
724 0 9705 0 0 0 0 0 295
725 0 9705 0 0 0 0 0 295
726 0 9705 0 0 0 0 0 295
727 0 9705 0 0 0 0 0 295
728 0 9705 0 0 0 0 0 295
729 0 9705 0 0 0 0 0 295
730 0 9705 0 0 0 0 0 295
731 0 9705 0 0 0 0 0 295
732 0 9705 0 0 0 0 0 295
733 0 9705 0 0 0 0 0 295
734 0 9705 0 0 0 0 0 295
735 0 9705 0 0 0 0 0 295
736 0 9705 0 0 0 0 0 295
737 0 9705 0 0 0 0 0 295
738 0 9705 0 0 0 0 0 295
739 0 9705 0 0 0 0 0 295
740 0 9705 0 0 0 0 0 295
741 0 9705 0 0 0 0 0 295
742 0 9705 0 0 0 0 0 295
743 0 9705 0 0 0 0 0 295
744 0 9705 0 0 0 0 0 295
745 0 9705 0 0 0 0 0 295
746 0 9705 0 0 0 0 0 295
747 0 9705 0 0 0 0 0 295
748 0 9705 0 0 0 0 0 295
749 0 9705 0 0 0 0 0 295
750 0 9705 0 0 0 0 0 295
751 0 9705 0 0 0 0 0 295
752 0 9705 0 0 0 0 0 295
753 0 9705 0 0 0 0 0 295
754 0 9705 0 0 0 0 0 295
755 0 9705 0 0 0 0 0 295
756 0 9705 0 0 0 0 0 295
757 0 9705 0 0 0 0 0 295
758 0 9705 0 0 0 0 0 295
759 0 9705 0 0 0 0 0 295
760 0 9705 0 0 0 0 0 295
761 0 9705 0 0 0 0 0 295
762 0 9705 0 0 0 0 0 295
763 0 9705 0 0 0 0 0 295
764 0 9705 0 0 0 0 0 295
765 0 9705 0 0 0 0 0 295
766 0 9705 0 0 0 0 0 295
767 0 9705 0 0 0 0 0 295
768 0 9705 0 0 0 0 0 295
769 0 9705 0 0 0 0 0 295
770 0 9705 0 0 0 0 0 295
771 0 9705 0 0 0 0 0 295
772 0 9705 0 0 0 0 0 295
773 0 9705 0 0 0 0 0 295
774 0 9705 0 0 0 0 0 295
775 0 9705 0 0 0 0 0 295
776 0 9705 0 0 0 0 0 295
777 0 9705 0 0 0 0 0 295
778 0 9705 0 0 0 0 0 295
779 0 9705 0 0 0 0 0 295
780 0 9705 0 0 0 0 0 295
781 0 9705 0 0 0 0 0 295
782 0 9705 0 0 0 0 0 295
783 0 9705 0 0 0 0 0 295
784 0 9705 0 0 0 0 0 295
785 0 9705 0 0 0 0 0 295
786 0 9705 0 0 0 0 0 295
787 0 9705 0 0 0 0 0 295
788 0 9705 0 0 0 0 0 295
789 0 9705 0 0 0 0 0 295
790 0 9705 0 0 0 0 0 295
791 0 9705 0 0 0 0 0 295
792 0 9705 0 0 0 0 0 295
793 0 9705 0 0 0 0 0 295
794 0 9705 0 0 0 0 0 295
795 0 9705 0 0 0 0 0 295
796 0 9705 0 0 0 0 0 295
797 0 9705 0 0 0 0 0 295
798 0 9705 0 0 0 0 0 295
799 0 9705 0 0 0 0 0 295
800 0 9705 0 0 0 0 0 295
801 0 9705 0 0 0 0 0 295
802 0 9705 0 0 0 0 0 295
803 0 9705 0 0 0 0 0 295
804 0 9705 0 0 0 0 0 295
805 0 9705 0 0 0 0 0 295
806 0 9705 0 0 0 0 0 295
807 0 9705 0 0 0 0 0 295
808 0 9705 0 0 0 0 0 295
809 0 9705 0 0 0 0 0 295
810 0 9705 0 0 0 0 0 295
811 0 9705 0 0 0 0 0 295
812 0 9705 0 0 0 0 0 295
813 0 9705 0 0 0 0 0 295
814 0 9705 0 0 0 0 0 295
815 0 9705 0 0 0 0 0 295
816 0 9705 0 0 0 0 0 295
817 0 9705 0 0 0 0 0 295
818 0 9705 0 0 0 0 0 295
819 0 9705 0 0 0 0 0 295
820 0 9705 0 0 0 0 0 295
821 0 9705 0 0 0 0 0 295
822 0 9705 0 0 0 0 0 295
823 0 9705 0 0 0 0 0 295
824 0 9705 0 0 0 0 0 295
825 0 9705 0 0 0 0 0 295
826 0 9705 0 0 0 0 0 295
827 0 9705 0 0 0 0 0 295
828 0 9705 0 0 0 0 0 295
829 0 9705 0 0 0 0 0 295
830 0 9705 0 0 0 0 0 295
831 0 9705 0 0 0 0 0 295
832 0 9705 0 0 0 0 0 295
833 0 9705 0 0 0 0 0 295
834 0 9705 0 0 0 0 0 295
835 0 9705 0 0 0 0 0 295
836 0 9705 0 0 0 0 0 295
837 0 9705 0 0 0 0 0 295
838 0 9705 0 0 0 0 0 295
839 0 9705 0 0 0 0 0 295
840 0 9705 0 0 0 0 0 295
841 0 9705 0 0 0 0 0 295
842 0 9705 0 0 0 0 0 295
843 0 9705 0 0 0 0 0 295
844 0 9705 0 0 0 0 0 295
845 0 9705 0 0 0 0 0 295
846 0 9705 0 0 0 0 0 295
847 0 9705 0 0 0 0 0 295
848 0 9705 0 0 0 0 0 295
849 0 9705 0 0 0 0 0 295
850 0 9705 0 0 0 0 0 295
851 0 9705 0 0 0 0 0 295
852 0 9705 0 0 0 0 0 295
853 0 9705 0 0 0 0 0 295
854 0 9705 0 0 0 0 0 295
855 0 9705 0 0 0 0 0 295
856 0 9705 0 0 0 0 0 295
857 0 9705 0 0 0 0 0 295
858 0 9705 0 0 0 0 0 295
859 0 9705 0 0 0 0 0 295
860 0 9705 0 0 0 0 0 295
861 0 9705 0 0 0 0 0 295
862 0 9705 0 0 0 0 0 295
863 0 9705 0 0 0 0 0 295
864 0 9705 0 0 0 0 0 295
865 0 9705 0 0 0 0 0 295
866 0 9705 0 0 0 0 0 295
867 0 9705 0 0 0 0 0 295
868 0 9705 0 0 0 0 0 295
869 0 9705 0 0 0 0 0 295
870 0 9705 0 0 0 0 0 295
871 0 9705 0 0 0 0 0 295
872 0 9705 0 0 0 0 0 295
873 0 9705 0 0 0 0 0 295
874 0 9705 0 0 0 0 0 295
875 0 9705 0 0 0 0 0 295
876 0 9705 0 0 0 0 0 295
877 0 9705 0 0 0 0 0 295
878 0 9705 0 0 0 0 0 295
879 0 9705 0 0 0 0 0 295
880 0 9705 0 0 0 0 0 295
881 0 9705 0 0 0 0 0 295
882 0 9705 0 0 0 0 0 295
883 0 9705 0 0 0 0 0 295
884 0 9705 0 0 0 0 0 295
885 0 9705 0 0 0 0 0 295
886 0 9705 0 0 0 0 0 295
887 0 9705 0 0 0 0 0 295
888 0 9705 0 0 0 0 0 295
889 0 9705 0 0 0 0 0 295
890 0 9705 0 0 0 0 0 295
891 0 9705 0 0 0 0 0 295
892 0 9705 0 0 0 0 0 295
893 0 9705 0 0 0 0 0 295
894 0 9705 0 0 0 0 0 295
895 0 9705 0 0 0 0 0 295
896 0 9705 0 0 0 0 0 295
897 0 9705 0 0 0 0 0 295
898 0 9705 0 0 0 0 0 295
899 0 9705 0 0 0 0 0 295
900 0 9705 0 0 0 0 0 295
901 0 9705 0 0 0 0 0 295
902 0 9705 0 0 0 0 0 295
903 0 9705 0 0 0 0 0 295
904 0 9705 0 0 0 0 0 295
905 0 9705 0 0 0 0 0 295
906 0 9705 0 0 0 0 0 295
907 0 9705 0 0 0 0 0 295
908 0 9705 0 0 0 0 0 295
909 0 9705 0 0 0 0 0 295
910 0 9705 0 0 0 0 0 295
911 0 9705 0 0 0 0 0 295
912 0 9705 0 0 0 0 0 295
913 0 9705 0 0 0 0 0 295
914 0 9705 0 0 0 0 0 295
915 0 9705 0 0 0 0 0 295
916 0 9705 0 0 0 0 0 295
917 0 9705 0 0 0 0 0 295
918 0 9705 0 0 0 0 0 295
919 0 9705 0 0 0 0 0 295
920 0 9705 0 0 0 0 0 295
921 0 9705 0 0 0 0 0 295
922 0 9705 0 0 0 0 0 295
923 0 9705 0 0 0 0 0 295
924 0 9705 0 0 0 0 0 295
925 0 9705 0 0 0 0 0 295
926 0 9705 0 0 0 0 0 295
927 0 9705 0 0 0 0 0 295
928 0 9705 0 0 0 0 0 295
929 0 9705 0 0 0 0 0 295
930 0 9705 0 0 0 0 0 295
931 0 9705 0 0 0 0 0 295
932 0 9705 0 0 0 0 0 295
933 0 9705 0 0 0 0 0 295
934 0 9705 0 0 0 0 0 295
935 0 9705 0 0 0 0 0 295
936 0 9705 0 0 0 0 0 295
937 0 9705 0 0 0 0 0 295
938 0 9705 0 0 0 0 0 295
939 0 9705 0 0 0 0 0 295
940 0 9705 0 0 0 0 0 295
941 0 9705 0 0 0 0 0 295
942 0 9705 0 0 0 0 0 295
943 0 9705 0 0 0 0 0 295
944 0 9705 0 0 0 0 0 295
945 0 9705 0 0 0 0 0 295
946 0 9705 0 0 0 0 0 295
947 0 9705 0 0 0 0 0 295
948 0 9705 0 0 0 0 0 295
949 0 9705 0 0 0 0 0 295
950 0 9705 0 0 0 0 0 295
951 0 9705 0 0 0 0 0 295
952 0 9705 0 0 0 0 0 295
953 0 9705 0 0 0 0 0 295
954 0 9705 0 0 0 0 0 295
955 0 9705 0 0 0 0 0 295
956 0 9705 0 0 0 0 0 295
957 0 9705 0 0 0 0 0 295
958 0 9705 0 0 0 0 0 295
959 0 9705 0 0 0 0 0 295
960 0 9705 0 0 0 0 0 295
961 0 9705 0 0 0 0 0 295
962 0 9705 0 0 0 0 0 295
963 0 9705 0 0 0 0 0 295
964 0 9705 0 0 0 0 0 295
965 0 9705 0 0 0 0 0 295
966 0 9705 0 0 0 0 0 295
967 0 9705 0 0 0 0 0 295
968 0 9705 0 0 0 0 0 295
969 0 9705 0 0 0 0 0 295
970 0 9705 0 0 0 0 0 295
971 0 9705 0 0 0 0 0 295
972 0 9705 0 0 0 0 0 295
973 0 9705 0 0 0 0 0 295
974 0 9705 0 0 0 0 0 295
975 0 9705 0 0 0 0 0 295
976 0 9705 0 0 0 0 0 295
977 0 9705 0 0 0 0 0 295
978 0 9705 0 0 0 0 0 295
979 0 9705 0 0 0 0 0 295
980 0 9705 0 0 0 0 0 295
981 0 9705 0 0 0 0 0 295
982 0 9705 0 0 0 0 0 295
983 0 9705 0 0 0 0 0 295
984 0 9705 0 0 0 0 0 295
985 0 9705 0 0 0 0 0 295
986 0 9705 0 0 0 0 0 295
987 0 9705 0 0 0 0 0 295
988 0 9705 0 0 0 0 0 295
989 0 9705 0 0 0 0 0 295
990 0 9705 0 0 0 0 0 295
991 0 9705 0 0 0 0 0 295
992 0 9705 0 0 0 0 0 295
993 0 9705 0 0 0 0 0 295
994 0 9705 0 0 0 0 0 295
995 0 9705 0 0 0 0 0 295
996 0 9705 0 0 0 0 0 295
997 0 9705 0 0 0 0 0 295
998 0 9705 0 0 0 0 0 295
999 0 9705 0 0 0 0 0 295
